60200001
60200002
60200003
60200004
60200005
60200006
60200007
60200008
60200009
60200010
60200011
60200012
60200014
60200015
60200016
60200017
60200018
60200019
60200021
60200022
60200024
60200025
60200026
60200028
60200030
60200031
60200033
60200036
60200037
60200038
60200039
60200040
60200041
60200042
60200043
60200044
60200045
60200046
60200048
60200050
60200051
60200053
60200054
60200055
60200056
60200057
60200059
60200060
60200061
60200066
60200067
60200070
60200073
60200074
60200075
60200077
60200078
60200079
60200080
60200081
60200082
60200083
60200084
60200085
60200086
60200087
60200088
60200089
60200090
60200092
60200093
60200094
60200095
60200096
60200098
60200099
60200100
60200101
60200102
60200104
60200105
60200106
60200108
60200109
60200110
60200111
60200112
60200113
60200114
60200116
60200117
60200118
60200119
60200120
60200121
60200122
60200123
60200125
60200127
60200129
60200130
60200131
60200132
60200133
60200134
60200135
60200136
60200138
60200139
60200140
60200141
60200143
60200145
60200146
60200147
60200148
60200149
60200150
60200153
60200156
60200157
60200158
60200159
60200160
60200161
60200162
60200163
60200164
60200166
60200167
60200168
60200169
60200170
60200171
60200172
60200173
60200174
60200175
60200176
60200177
60200178
60200179
60200180
60200181
60200182
60200183
60200184
60200185
60200186
60200187
60200188
60200189
60200190
60200192
60200193
60200194
60200197
60200199
60200200
60200201
60200202
60200203
60200204
60200206
60200207
60200208
60200209
60200210
60200211
60200212
60200213
60200214
60200215
60200216
60200217
60200218
60200219
60200220
60200221
60200223
60200224
60200225
60200226
60200227
60200229
60200231
60200232
60200233
60200236
60200238
60200239
60200240
60200241
60200242
60200246
60200247
60200248
60200250
60200252
60200253
60200255
60200256
60200257
60200258
60200259
60200260
60200261
60200262
60200263
60200264
60200266
60200267
60200268
60200269
60200270
60200271
60200272
60200273
60200274
60200275
60200276
60200277
60200278
60200280
60200281
60200282
60200283
60200285
60200288
60200289
60200290
60200291
60200292
60200293
60200294
60200295
60200296
60200297
60200298
60200299
60200300
60200301
60200302
60200303
60200304
60200305
60200306
60200311
60200312
60200314
60200315
60200316
60200317
60200319
60200320
60200321
60200322
60200323
60200325
60200329
60200330
60200331
60200332
60200333
60200334
60200335
60200336
60200337
60200338
60200339
60200341
60200342
60200344
60200345
60200347
60200348
60200349
60200350
60200351
60200352
60200353
60200354
60200355
60200357
60200358
60200362
60200363
60200364
60200365
60200367
60200368
60200369
60200370
60200372
60200376
60200377
60200378
60200379
60200380
60200381
60200382
60200383
60200384
60200385
60200387
60200388
60200389
60200390
60200391
60200395
60200396
60200397
60200399
60200400
60200401
60200403
60200404
60200405
60200407
60200408
60200409
60200410
60200411
60200412
60200413
60200414
60200415
60200416
60200417
60200418
60200419
60200420
60200422
60200424
60200426
60200427
60200428
60200429
60200430
60200431
60200432
60200434
60200435
60200436
60200437
60200438
60200439
60200440
60200441
60200442
60200443
60200445
60200446
60200447
60200448
60200449
60200450
60200453
60200454
60200455
60200456
60200457
60200458
60200459
60200460
60200461
60200463
60200464
60200465
60200466
60200469
60200471
60200472
60200473
60200474
60200475
60200476
60200477
60200479
60200482
60200483
60200485
60200486
60200487
60200488
60200489
60200491
60200493
60200494
60200495
60200498
60200499
60200500
60200503
60200505
60200506
60200507
60200508
60200509
60200510
60200511
60200512
60200513
60200514
60200515
60200516
60200517
60200520
60200521
60200523
60200524
60200525
60200526
60200527
60200528
60200529
60200530
60200531
60200532
60200535
60200537
60200538
60200539
60200540
60200542
60200543
60200544
60200546
60200548
60200549
60200550
60200551
60200552
60200553
60200554
60200555
60200556
60200557
60200558
60200559
60200560
60200561
60200562
60200564
60200565
60200566
60200569
60200570
60200575
60200576
60200578
60200579
60200580
60200581
60200582
60200584
60200585
60200586
60200587
60200588
60200589
60200591
60200592
60200593
60200594
60200596
60200597
60200598
60200599
60200600
60200601
60200602
60200604
60200605
60200608
60200609
60200610
60200611
60200612
60200613
60200614
60200615
60200616
60200617
60200618
60200619
60200620
60200621
60200622
60200623
60200625
60200627
60200628
60200630
60200631
60200632
60200634
60200636
60200637
60200638
60200639
60200640
60200641
60200643
60200644
60200645
60200648
60200649
60200650
60200651
60200652
60200653
60200657
60200658
60200659
60200660
60200661
60200662
60200664
60200665
60200666
60200667
60200668
60200669
60200670
60200671
60200672
60200673
60200674
60200675
60200676
60200677
60200679
60200680
60200681
60200682
60200683
60200684
60200685
60200686
60200687
60200690
60200692
60200693
60200694
60200695
60200696
60200697
60200698
60200699
60200701
60200702
60200703
60200704
60200705
60200706
60200707
60200709
60200710
60200711
60200712
60200713
60200714
60200715
60200716
60200717
60200718
60200719
60200720
60200721
60200722
60200724
60200725
60200727
60200728
60200729
60200730
60200732
60200735
60200736
60200740
60200741
60200742
60200743
60200744
60200745
60200746
60200747
60200748
60200749
60200750
60200751
60200752
60200753
60200754
60200755
60200757
60200758
60200760
60200761
60200762
60200763
60200764
60200765
60200766
60200767
60200768
60200769
60200771
60200773
60200774
60200775
60200776
60200778
60200780
60200781
60200783
60200785
60200786
60200789
60200791
60200792
60200793
60200794
60200796
60200797
60200799
60200800
60200801
60200803
60200804
60200805
60200806
60200807
60200808
60200809
60200810
60200811
60200812
60200813
60200814
60200815
60200816
60200820
60200822
60200824
60200827
60200828
60200829
60200830
60200831
60200833
60200835
60200838
60200839
60200840
60200841
60200842
60200843
60200844
60200845
60200846
60200847
60200848
60200849
60200850
60200854
60200855
60200856
60200858
60200859
60200860
60200861
60200862
60200863
60200865
60200867
60200868
60200869
60200870
60200872
60200873
60200874
60200877
60200878
60200879
60200880
60200881
60200883
60200884
60200885
60200886
60200887
60200888
60200889
60200890
60200891
60200893
60200894
60200895
60200896
60200897
60200898
60200899
60200900
60200902
60200903
60200904
60200905
60200906
60200907
60200909
60200910
60200911
60200912
60200913
60200914
60200916
60200917
60200918
60200919
60200920
60200921
60200922
60200923
60200924
60200925
60200927
60200928
60200929
60200930
60200931
60200932
60200933
60200934
60200935
60200936
60200937
60200939
60200940
60200943
60200944
60200948
60200949
60200951
60200952
60200953
60200955
60200956
60200957
60200958
60200959
60200960
60200961
60200962
60200963
60200964
60200965
60200966
60200967
60200968
60200970
60200971
60200972
60200973
60200974
60200975
60200976
60200978
60200979
60200980
60200981
60200983
60200985
60200987
60200989
60200990
60200991
60200992
60200993
60200994
60200995
60200996
60200997
60200998
60200999
60201000
60201001
60201002
60201004
60201005
60201007
60201008
60201009
60201010
60201012
60201014
60201016
60201018
60201019
60201021
60201022
60201024
60201026
60201027
60201028
60201029
60201030
60201031
60201033
60201034
60201035
60201037
60201038
60201039
60201040
60201041
60201042
60201043
60201044
60201048
60201049
60201050
60201052
60201053
60201054
60201055
60201056
60201057
60201058
60201060
60201062
60201063
60201065
60201066
60201067
60201068
60201070
60201071
60201072
60201073
60201076
60201077
60201078
60201080
60201081
60201082
60201084
60201085
60201087
60201091
60201093
60201098
60201099
60201100
60201101
60201102
60201103
60201104
60201105
60201107
60201108
60201109
60201111
60201112
60201113
60201114
60201115
60201116
60201117
60201118
60201120
60201122
60201124
60201128
60201129
60201130
60201132
60201134
60201135
60201136
60201137
60201138
60201139
60201140
60201141
60201142
60201143
60201145
60201146
60201147
60201148
60201149
60201151
60201152
60201153
60201155
60201160
60201162
60201164
60201165
60201166
60201168
60201169
60201171
60201173
60201174
60201176
60201177
60201178
60201179
60201180
60201184
60201185
60201186
60201188
60201189
60201190
60201191
60201193
60201195
60201196
60201197
60201198
60201199
60201200
60201201
60201202
60201203
60201204
60201205
60201206
60201208
60201209
60201210
60201211
60201212
60201213
60201214
60201215
60201216
60201217
60201218
60201219
60201220
60201221
60201223
60201226
60201227
60201228
60201230
60201232
60201233
60201234
60201236
60201237
60201239
60201240
60201241
60201242
60201243
60201244
60201245
60201246
60201247
60201248
60201249
60201250
60201252
60201253
60201254
60201257
60201258
60201259
60201260
60201261
60201262
60201263
60201264
60201266
60201268
60201269
60201270
60201272
60201275
60201277
60201278
60201279
60201280
60201282
60201283
60201284
60201285
60201286
60201287
60201288
60201289
60201290
60201292
60201296
60201299
60201300
60201301
60201302
60201303
60201304
60201305
60201306
60201307
60201308
60201311
60201312
60201313
60201314
60201317
60201318
60201319
60201320
60201321
60201322
60201323
60201324
60201325
60201326
60201327
60201328
60201329
60201330
60201331
60201333
60201335
60201336
60201337
60201339
60201340
60201341
60201342
60201343
60201344
60201345
60201349
60201351
60201353
60201357
60201358
60201359
60201362
60201363
60201364
60201365
60201366
60201368
60201369
60201370
60201371
60201372
60201373
60201374
60201375
60201376
60201377
60201378
60201380
60201382
60201383
60201384
60201385
60201386
60201388
60201389
60201393
60201395
60201398
60201402
60201403
60201404
60201405
60201406
60201407
60201408
60201409
60201410
60201411
60201413
60201414
60201415
60201416
60201417
60201418
60201419
60201420
60201421
60201422
60201423
60201424
60201425
60201426
60201427
60201430
60201431
60201433
60201435
60201436
60201437
60201438
60201439
60201440
60201441
60201443
60201445
60201446
60201447
60201448
60201449
60201451
60201453
60201455
60201456
60201457
60201459
60201460
60201461
60201462
60201463
60201464
60201465
60201466
60201467
60201468
60201469
60201470
60201471
60201472
60201473
60201474
60201475
60201476
60201477
60201478
60201479
60201480
60201481
60201482
60201483
60201484
60201485
60201486
60201487
60201488
60201489
60201490
60201492
60201493
60201495
60201496
60201498
60201499
60201500
60201501
60201502
60201504
60201505
60201506
60201507
60201508
60201509
60201510
60201511
60201512
60201513
60201514
60201515
60201516
60201517
60201520
60201521
60201522
60201523
60201524
60201525
60201526
60201528
60201529
60201531
60201533
60201534
60201535
60201536
60201537
60201538
60201539
60201540
60201541
60201542
60201543
60201544
60201545
60201546
60201548
60201550
60201551
60201552
60201553
60201554
60201558
60201559
60201560
60201561
60201562
60201566
60201567
60201568
60201570
60201571
60201572
60201573
60201574
60201575
60201576
60201577
60201578
60201580
60201581
60201583
60201585
60201586
60201588
60201589
60201590
60201592
60201594
60201595
60201596
60201597
60201598
60201599
60201602
60201603
60201604
60201605
60201606
60201607
60201609
60201610
60201612
60201614
60201615
60201616
60201617
60201619
60201620
60201621
60201622
60201623
60201624
60201625
60201626
60201627
60201628
60201629
60201630
60201631
60201633
60201634
60201635
60201636
60201637
60201638
60201639
60201642
60201643
60201644
60201645
60201646
60201647
60201648
60201652
60201654
60201655
60201656
60201657
60201658
60201659
60201660
60201662
60201663
60201664
60201665
60201666
60201667
60201668
60201669
60201670
60201672
60201673
60201674
60201675
60201677
60201678
60201679
60201680
60201681
60201682
60201683
60201684
60201685
60201686
60201688
60201689
60201690
60201691
60201692
60201693
60201694
60201695
60201696
60201697
60201698
60201699
60201700
60201702
60201703
60201704
60201705
60201707
60201709
60201711
60201713
60201714
60201715
60201716
60201718
60201719
60201720
60201721
60201722
60201724
60201725
60201727
60201730
60201731
60201732
60201734
60201735
60201737
60201738
60201739
60201740
60201741
60201742
60201743
60201747
60201749
60201751
60201752
60201753
60201754
60201755
60201756
60201757
60201758
60201759
60201760
60201761
60201769
60201770
60201772
60201773
60201774
60201775
60201777
60201780
60201782
60201785
60201786
60201789
60201790
60201794
60201795
60201796
60201799
60201800
60201801
60201802
60201803
60201804
60201805
60201806
60201809
60201813
60201814
60201815
60201822
60201825
60201826
60201848
60201851
60201852
60201853
60201854
60201855
60201857
60201858
60201859
60201860
60201861
60201862
60201863
60201865
60201867
60201868
60201869
60201871
60201872
60201873
60201874
60201875
60201876
60201878
60201881
60201884
60201885
60201886
60201888
60201890
60201892
60201893
60201894
60201895
60201896
60201897
60201898
60201900
60201901
60201905
60201906
60201908
60201909
60201910
60201911
60201912
60201914
60201915
60201916
60201919
60201920
60201921
60201924
60201925
60201930
60201934
60201935
60201936
60201937
60201938
60201942
60201943
60201947
60202003
60202004
60202006
60202500
60202503
60202910
60202911
60202912
60202913
60202915
60202916
60202917
60202918
60202920
60202921
60202924
60202953
60202954
60203558
60203897
60204092
60204735
60204808
60205133
60205671
60205921